   1.0100000e+02   6.6960000e+00  -1.6571000e+01   0.0000000e+00
   1.0200000e+02   1.0443000e+01  -2.5841000e+01   0.0000000e+00
   1.0300000e+02   1.4191000e+01  -3.5115000e+01   0.0000000e+00
   1.0400000e+02   1.7936000e+01  -4.4384000e+01   0.0000000e+00
   1.0500000e+02   2.1677000e+01  -5.3663000e+01   0.0000000e+00
   2.0100000e+02   6.6960000e+00   1.6571000e+01   0.0000000e+00
   2.0200000e+02   1.0443000e+01   2.5841000e+01   0.0000000e+00
   2.0300000e+02   1.4191000e+01   3.5115000e+01   0.0000000e+00
   2.0400000e+02   1.7936000e+01   4.4384000e+01   0.0000000e+00
   2.0500000e+02   2.1677000e+01   5.3663000e+01   0.0000000e+00
   1.0100000e+03   3.0914200e+00  -7.6500000e+00   0.0000000e+00
   1.0110000e+03   8.0000000e-01  -7.6500000e+00   0.0000000e+00
   1.0120000e+03   8.6600000e+00  -7.6500000e+00   0.0000000e+00
   1.0200000e+03   5.9120000e+00  -1.4630000e+01   0.0000000e+00
   1.0300000e+03   9.0964600e+00  -2.2510000e+01   0.0000000e+00
   1.0400000e+03   1.1703100e+01  -2.8961000e+01   0.0000000e+00
   1.0500000e+03   1.4673100e+01  -3.6305500e+01   0.0000000e+00
   1.0600000e+03   1.7495500e+01  -4.3294100e+01   0.0000000e+00
   1.0700000e+03   2.0249810e+01  -5.0101000e+01   0.0000000e+00
   1.0800000e+03   2.3287000e+01  -5.7626000e+01   0.0000000e+00
   1.0900000e+03   2.4400000e+01  -6.0250000e+01   0.0000000e+00
   2.0100000e+03   3.0914200e+00   7.6500000e+00   0.0000000e+00
   2.0110000e+03   8.0000000e-01   7.6500000e+00   0.0000000e+00
   2.0120000e+03   8.6600000e+00   7.6500000e+00   0.0000000e+00
   2.0200000e+03   5.9121000e+00   1.4630000e+01   0.0000000e+00
   2.0300000e+03   9.0965000e+00   2.2510000e+01   0.0000000e+00
   2.0400000e+03   1.1703200e+01   2.8961000e+01   0.0000000e+00
   2.0500000e+03   1.4673100e+01   3.6305500e+01   0.0000000e+00
   2.0600000e+03   1.7495500e+01   4.3294100e+01   0.0000000e+00
   2.0700000e+03   2.0249800e+01   5.0101000e+01   0.0000000e+00
   2.0800000e+03   2.3287000e+01   5.7625900e+01   0.0000000e+00
   2.0900000e+03   2.4400000e+01   6.0250010e+01   0.0000000e+00
   3.0000000e+03   0.0000000e+00   0.0000000e+00   0.0000000e+00
   3.0010000e+03  -1.5550000e+01   0.0000000e+00   0.0000000e+00
   3.0020000e+03  -6.4900000e+00   0.0000000e+00   0.0000000e+00
   3.0040000e+03   3.7300000e+00   0.0000000e+00   0.0000000e+00
   3.0050000e+03   8.6600000e+00   0.0000000e+00   0.0000000e+00
   3.0060000e+03   1.6771000e+01   0.0000000e+00   0.0000000e+00
   3.0070000e+03   1.8000000e+01   0.0000000e+00   0.0000000e+00
   9.0010000e+03  -1.2360000e+01   0.0000000e+00   0.0000000e+00
   9.0020000e+03   7.3600000e+00   0.0000000e+00   0.0000000e+00
   1.0011000e+04   1.1864346e+01  -5.5815917e+00   0.0000000e+00
   1.0012000e+04   1.1925400e+01  -2.1366184e+01   0.0000000e+00
   1.0013000e+04   1.7499546e+01  -3.5162680e+01   0.0000000e+00
   1.0014000e+04   2.3073692e+01  -4.8959176e+01   0.0000000e+00
   1.3001000e+04  -1.0930000e+01   0.0000000e+00   0.0000000e+00
   1.3002000e+04   5.0800000e+00   0.0000000e+00   0.0000000e+00
   1.8888000e+04   8.2000000e+00   0.0000000e+00   0.0000000e+00
   2.0021000e+04   1.1864346e+01   5.5815917e+00   0.0000000e+00
   2.0022000e+04   1.1925400e+01   2.1366184e+01   0.0000000e+00
   2.0023000e+04   1.7499546e+01   3.5162680e+01   0.0000000e+00
   2.0024000e+04   2.3073692e+01   4.8959176e+01   0.0000000e+00
   2.8888000e+04   3.4800000e+00   0.0000000e+00   0.0000000e+00
   1.0100100e+05   8.6600000e+00  -4.2061400e+00   0.0000000e+00
   2.0200200e+05   8.6600000e+00   4.2061400e+00   0.0000000e+00
   9.9901100e+05   1.5457000e+00  -3.8250000e+00   0.0000000e+00
   9.9901200e+05   4.5018000e+00  -1.1140000e+01   0.0000000e+00
   9.9901300e+05   7.5043000e+00  -1.8570000e+01   0.0000000e+00
   9.9901400e+05   1.0400000e+01  -2.5735000e+01   0.0000000e+00
   9.9901500e+05   1.3300300e+01  -3.2935500e+01   0.0000000e+00
   9.9901600e+05   1.6084300e+01  -3.9800000e+01   0.0000000e+00
   9.9901700e+05   1.8872600e+01  -4.6697500e+01   0.0000000e+00
   9.9901800e+05   2.2491500e+01  -5.5694500e+01   0.0000000e+00
   9.9902100e+05   1.5457000e+00   3.8250000e+00   0.0000000e+00
   9.9902200e+05   4.5018000e+00   1.1140000e+01   0.0000000e+00
   9.9902300e+05   7.5043000e+00   1.8570000e+01   0.0000000e+00
   9.9902400e+05   1.0400000e+01   2.5735000e+01   0.0000000e+00
   9.9902500e+05   1.3300300e+01   3.2935500e+01   0.0000000e+00
   9.9902600e+05   1.6084300e+01   3.9800000e+01   0.0000000e+00
   9.9902700e+05   1.8872600e+01   4.6697500e+01   0.0000000e+00
   9.9902800e+05   2.2491500e+01   5.5694500e+01   0.0000000e+00
