$ GVT 20 acceles locations
$1------$1------$1------$1------$1------$1------$1------$1------
$ left wing
GRID     1              3.480   -17.870 0.0
GRID     2              8.110   -16.000 0.0
GRID     3              7.220   -27.140 0.0
GRID     4              11.86   -25.270 0.0
GRID     5              10.97   -36.420 0.0
GRID     6              15.61   -34.540 0.0
GRID     7              14.72   -45.690 0.0
GRID     8              19.35   -43.810 0.0
GRID     9              18.46   -54.960 0.0
GRID     10             23.10   -53.090 0.0
$ Right
GRID     11             3.480    17.870 0.0
GRID     12             8.110    16.000 0.0
GRID     13             7.220    27.140 0.0
GRID     14             11.86    25.270 0.0
GRID     15             10.97    36.420 0.0
GRID     16             15.61    34.540 0.0
GRID     17             14.72    45.690 0.0
GRID     18             19.35    43.810 0.0
GRID     19             18.46    54.960 0.0
GRID     20             23.10    53.090 0.0
$ Connections between accelerations to the beam
$ left wing
GRID     101            6.696   -16.571 0.0
GRID     102            10.443  -25.841 0.0
GRID     103            14.191  -35.115 0.0
GRID     104            17.936  -44.384 0.0
GRID     105            21.677  -53.663 0.0
$ right wing
GRID     201            6.696    16.571 0.0
GRID     202            10.443   25.841 0.0
GRID     203            14.191   35.115 0.0
GRID     204            17.936   44.384 0.0
GRID     205            21.677   53.663 0.0
$ Accels point masses
$$ Point mass of accelerometers
$1------$1------$1------$1------$1------$1------$1------$1---
$ CONM2   91101   1               .0062   0.0     0.0     0.0
$ CONM2   91102   2               .0062   0.0     0.0     0.0
$ CONM2   91103   3               .0062   0.0     0.0     0.0
$ CONM2   91104   4               .0062   0.0     0.0     0.0
$ CONM2   91105   5               .0062   0.0     0.0     0.0
$ CONM2   91106   6               .0062   0.0     0.0     0.0
$ CONM2   91107   7               .0062   0.0     0.0     0.0
$ CONM2   91108   8               .0062   0.0     0.0     0.0
$ CONM2   91109   9               .0062   0.0     0.0     0.0
$ CONM2   91110   10              .0062   0.0     0.0     0.0
$ CONM2   91111   11              .0062   0.0     0.0     0.0
$ CONM2   91112   12              .0062   0.0     0.0     0.0
$ CONM2   91113   13              .0062   0.0     0.0     0.0
$ CONM2   91114   14              .0062   0.0     0.0     0.0
$ CONM2   91115   15              .0062   0.0     0.0     0.0
$ CONM2   91116   16              .0062   0.0     0.0     0.0
$ CONM2   91117   17              .0062   0.0     0.0     0.0
$ CONM2   91118   18              .0062   0.0     0.0     0.0
$ CONM2   91119   19              .0062   0.0     0.0     0.0
$ CONM2   91120   20              .0062   0.0     0.0     0.0

