$
$ Flat Aero Surface: 1101
$
PAERO1  1101001
AEFACT  35      0.      .1667   .3333   .5      .6667   .8333   1.
AEFACT  36      0.      .0763   .1525   .228    .3034   .3788   .4542
        .5297   .6203   .6915   .7559   .7966   .8373   .878    .9186
        .9593   1.
CAERO1  1101001 1101001 0                       35      36      1
        26.33   -60.38  5.5     4.09    21.72   -60.38  0.      8.700001
$
$ Flat Aero Surface: 1102
$
PAERO1  1102001
AEFACT  37      0.      .1667   .3333   .5      .6667   .8333   1.
AEFACT  38      0.      .0763   .1525   .228    .3034   .3788   .4542
        .5297   .6203   .6915   .7559   .7966   .8373   .878    .9186
        .9593   1.
CAERO1  1102001 1102001 0                       37      38      1
        26.33   -60.38  -5.5    4.09    21.72   -60.38  0.      8.700001
$
$ Flat Aero Surface: 1201
$
PAERO1  1201001
AEFACT  39      0.      .0763   .1525   .228    .3034   .3788   .4542
        .5297   .6203   .6915   .7559   .7966   .8373   .878    .9186
        .9593   1.
CAERO1  1201001 1201001 0       4                       39      1
        21.72   -60.38  0.      8.70000117.63   -57.63  0.      11.78
$
$ Flat Aero Surface: 1301
$
PAERO1  1301001
AEFACT  40      0.      .0763   .1525   .228    .3034   .3788   .4542
        .5297   .6203   .6915   .7559   .7966   .8373   .878    .9186
        .9593   1.
CAERO1  1301001 1301001 0       50                      40      1
        17.63   -57.63  0.      11.78   .2600002-14.63  0.      11.78
$
$ Flat Aero Surface: 1401
$
PAERO1  1401001
AEFACT  41      0.      .0683   .1368   .2058   .2733   .3424   .41
        .4791   .5434   .6093   .6736   .7395   .8055   .8698   .9357
        1.
CAERO1  1401001 1401001 0               8       41              1
        7.750838-14.63  0.      4.28916213.97338 0.0    0.      4.026621
$
$ Flat Aero Surface: 1501
$
PAERO1  1501001
CAERO1  1501001 1501001 0       7       10                      1
        .2600002-14.63  0.      7.490838-2.49   -7.63   0.      13.21813
$
$ Flat Aero Surface: 1601
$
PAERO1  1601001
CAERO1  1601001 1601001 0       8       10                      1
        -2.49   -7.63   0.      13.21813-15.55  0.      0.      29.52338
$
$ Flat Aero Surface: 2101
$
PAERO1  2101001
AEFACT  42      0.      .1667   .3333   .5      .6667   .8333   1.
AEFACT  43      0.      .0763   .1525   .228    .3034   .3788   .4542
        .5297   .6203   .6915   .7559   .7966   .8373   .878    .9186
        .9593   1.
CAERO1  2101001 2101001 0                       42      43      1
        26.33   60.38   5.5     4.09000421.72   60.38   0.      8.700003
$
$ Flat Aero Surface: 2102
$
PAERO1  2102001
AEFACT  44      0.      .1667   .3333   .5      .6667   .8333   1.
AEFACT  45      0.      .0763   .1525   .228    .3034   .3788   .4542
        .5297   .6203   .6915   .7559   .7966   .8373   .878    .9186
        .9593   1.
CAERO1  2102001 2102001 0                       44      45      1
        26.33   60.38   -5.5    4.09    21.72   60.38   0.      8.700003
$
$ Flat Aero Surface: 2201
$
PAERO1  2201001
AEFACT  46      0.      .0763   .1525   .228    .3034   .3788   .4542
        .5297   .6203   .6915   .7559   .7966   .8373   .878    .9186
        .9593   1.
CAERO1  2201001 2201001 0       4                       46      1
        17.63   57.63   0.      11.78   21.72   60.38   0.      8.700003
$
$ Flat Aero Surface: 2301
$
PAERO1  2301001
AEFACT  47      0.      .0763   .1525   .228    .3034   .3788   .4542
        .5297   .6203   .6915   .7559   .7966   .8373   .878    .9186
        .9593   1.
CAERO1  2301001 2301001 0       50                      47      1
        .260000214.63   0.      11.78   17.63   57.63   0.      11.78
$
$ Flat Aero Surface: 2401
$
PAERO1  2401001
AEFACT  48      0.      .0643   .1302   .1945   .2605   .3264   .3907
        .4566   .5209   .59     .6576   .7267   .7942   .8632   .9317
        1.
CAERO1  2401001 2401001 0               8       48              1
        13.973380.0     0.      4.0266217.75083814.63   0.      4.289161
$
$ Flat Aero Surface: 2501
$
PAERO1  2501001
CAERO1  2501001 2501001 0       7       10                      1
        -2.49   7.63    0.      13.21813.260000214.63   0.      7.490838
$
$ Flat Aero Surface: 2601
$
PAERO1  2601001
CAERO1  2601001 2601001 0       8       10                      1
        -15.55  0.      0.      29.52338-2.49   7.63    0.      13.21813
